1
Computer Science 3305A
1
1
MON
1030
1130
1
WED
1630
1830
2
4
1
MOS 3360A
1
1
TUE
1330
1630
2
1
1
THU
1330
1630
2
1
1
TUE
930
1230
2
1
1
WED
1130
1430
2
1
1
FRI
1030
1330
2
4
1
MOS 3311A
1
1
MON
1030
1230
1
WED
1030
1230
2
1
1
MON
1330
1530
1
WED
1330
1530
2
1
1
WED
1830
2130
2
1
1
FRI
1330
1630
2
4
1
MOS 3370A
1
1
FRI
930
1230
2
1
1
FRI
1330
1630
2
1
1
MON
830
930
1
WED
930
1030
2
1
1
MON
1330
1430
1
WED
1330
1530
2
1
1
WED
930
1230
2
4
1
Philosophy 2074F
1
1
MON
1430
1530
1
WED
1430
1530
1
FRI
1430
1530
2
4
3
4
5